bed 0 0 -10 70.52 180.95 484.66 524.25 0.9103364944458008
pillow 0 0 -10 340.13 273.31 428.21 303.73 0.8396216630935669
pillow 0 0 -10 254.51 251.9 339.61 284.18 0.8323386907577515
lamp 0 0 -10 481.82 230.99 540.01 322.96 0.7671627402305603
chair 0 0 -10 536.35 294.76 705.93 444.85 0.749279260635376
dining_table 0 0 -10 459.4 411.77 729.97 527.08 0.5795493125915527
lamp 0 0 -10 0.04 133.73 65.85 217.49 0.5463922619819641
lamp 0 0 -10 130.48 201.61 185.1 233.75 0.48444902896881104
bed 0 0 -10 114.84 266.55 465.51 397.19 0.4344443380832672
chair 0 0 -10 622.97 263.38 705.25 317.69 0.4050486385822296
