pillow 0 0 -10 250.32 135.84 346.34 149.99 0.7427351474761963
bed 0 0 -10 224.99 82.71 420.03 277.13 0.7056189775466919
lamp 0 0 -10 358.81 82.01 387.55 152.96 0.7031132578849792
cabinet/shelf 0 0 -10 0.0 13.32 129.58 372.0 0.6799216270446777
plants_pot/vase 0 0 -10 369.16 141.38 392.78 155.32 0.6710748672485352
lamp 0 0 -10 146.42 71.06 185.24 135.31 0.6240406632423401
potted_plant 0 0 -10 368.79 130.84 392.59 155.23 0.6121206879615784
lamp 0 0 -10 210.13 79.9 234.03 105.07 0.5869522094726562
pillow 0 0 -10 251.13 137.74 283.69 148.12 0.5645942687988281
desk 0 0 -10 116.95 130.8 191.34 246.84 0.5159526467323303
pillow 0 0 -10 276.67 134.34 317.28 150.74 0.515311598777771
pillow 0 0 -10 312.14 138.39 346.41 149.34 0.46010053157806396
book 0 0 -10 119.51 105.11 142.56 138.07 0.44704949855804443
