chair 0 0 -10 215.41 195.78 303.75 322.48 0.9244723916053772
chair 0 0 -10 408.79 140.09 473.89 194.23 0.8084455728530884
chair 0 0 -10 461.05 137.12 504.0 184.62 0.8043720126152039
chair 0 0 -10 344.89 145.25 429.73 206.72 0.7782450914382935
chair 0 0 -10 365.31 137.67 391.24 146.43 0.7426292896270752
lamp 0 0 -10 44.11 71.27 87.7 266.02 0.7396129369735718
bowl 0 0 -10 77.86 154.09 110.18 170.93 0.7376843690872192
dining_table 0 0 -10 318.5 175.27 502.86 391.62 0.7317673563957214
bowl 0 0 -10 151.82 154.32 180.61 164.83 0.728776216506958
chair 0 0 -10 454.29 115.11 493.73 140.61 0.5635346174240112
plants_pot/vase 0 0 -10 136.06 155.23 142.28 166.2 0.4912581443786621
carpet 0 0 -10 130.72 333.59 503.98 425.85 0.4632200300693512
frisbee 0 0 -10 181.19 251.32 197.84 260.64 0.4443936049938202
stool 0 0 -10 122.63 269.05 164.16 312.9 0.440912663936615
chair 0 0 -10 232.38 195.63 303.45 235.12 0.4273275136947632
