cabinet/shelf 0 0 -10 99.44 2.52 244.88 100.09 0.779552698135376
gas_stove 0 0 -10 8.04 159.42 185.8 347.13 0.7661870121955872
oven 0 0 -10 12.03 161.52 185.18 346.61 0.7582756876945496
cabinet/shelf 0 0 -10 231.52 175.44 266.09 264.03 0.6850212216377258
pot/pan 0 0 -10 205.02 127.63 229.66 145.69 0.6651884317398071
cabinet/shelf 0 0 -10 180.86 186.55 234.11 304.79 0.6607483625411987
knife 0 0 -10 235.63 127.63 249.21 135.27 0.6051651239395142
kettle 0 0 -10 97.19 131.84 138.5 163.39 0.5924447178840637
basket 0 0 -10 5.86 145.91 66.05 185.14 0.5634028911590576
bottle 0 0 -10 142.21 127.45 154.14 155.45 0.5205610394477844
pot/pan 0 0 -10 210.09 135.41 229.57 145.67 0.4348015785217285
